
Time: 710.222139
Result: 507805 12177.071289 400548 23157.615234 511786 34230.769531 511786 44824.339844

Size: 1000000
Threads: 4
Time: 267.884618
Result: 507805 12177.074219 400548 23157.619141 511786 34230.812500 511786 44824.378906

Size: 1000000
Threads: 8
Time: 141.211319
Result: 507805 12177.067383 400548 23157.638672 511786 34230.832031 511786 44824.394531

Size: 1000000
Threads: 16
Time: 74.541092
Result: 507805 12177.081055 400548 23157.648438 511786 34230.886719 511786 44824.449219

Size: 1000000
Threads: 32
Time: 70.037621
Result: 507805 12177.054688 400548 23157.640625 511786 34230.878906 511786 44824.441406
